1.53300118589213 5.79472782370404 "1" 0.707865168539326
5.42397833524544 -1.84942395627608 "2" 0
-5.10784488099365 -1.68770243729959 "1" 1
0.862346276551937 -2.96988937494832 "2" 0.0784313725490196
-0.807342465025508 8.19368278924285 "2" 0.14018691588785
-1.13857416408455 -2.16499865050658 "1" 0.727272727272727
-2.08314463110481 4.00051476241162 "1" 0.968503937007874
-0.580628171368544 -3.6600241704471 "2" 0.0970464135021097
2.81068197544468 4.20532888762059 "1" 0.707865168539326
-2.46621329885804 0.996670129775315 "1" 0.698924731182796
-0.930739743524935 -2.4554219232954 "1" 0.727272727272727
1.26348096418053 0.923451566280403 "1" 0.627906976744186
1.35796922210718 3.40095190205989 "2" 0.321428571428571
5.24514469517778 2.79833671910689 "2" 0.391304347826087
-0.900184606619982 0.672303930284394 "2" 0.184873949579832
-0.529598152582002 -1.25343000126254 "1" 0.727272727272727
-5.34607131819968 -4.95099400723673 "1" 1
3.93604642437272 -2.93816371654811 "2" 0.0784313725490196
2.19252102992047 -3.32347612424235 "2" 0.0970464135021097
2.97700121744055 1.8327314959226 "1" 0.948717948717949
-2.99850016207507 -1.28339702549551 "1" 0.727272727272727
4.57112367293582 1.47924734470759 "1" 0.957446808510638
-2.08052753047183 2.3106147274913 "1" 0.698924731182796
4.52479023230806 2.65774945585238 "2" 0.391304347826087
-0.1172452020894 5.51310453893977 "2" 0.14018691588785
1.733719722385 -1.20707779787325 "1" 0.939226519337017
0.44383455875821 -0.959271853336829 "1" 0.923076923076923
-2.52742275899848 -2.06615162108799 "1" 0.727272727272727
-0.482410753599733 3.96324081049635 "2" 0.14018691588785
-1.58947437678529 -1.27148552956106 "1" 0.727272727272727
-3.06234889312569 -0.170231806558346 "1" 0.888888888888889
-0.425898373435695 -1.81715762097099 "1" 0.727272727272727
-2.66151867513546 -0.769546556161064 "1" 0.727272727272727
-0.0563683393565184 0.903792867164997 "2" 0.184873949579832
0.551190538428014 -2.81586986166728 "1" 0.529411764705882
2.15300671721822 2.8284313526608 "2" 0.391304347826087
-2.54996769505941 -3.51648194767183 "2" 0.0970464135021097
2.02226982547884 2.55560213559984 "2" 0.391304347826087
0.0139629426730267 -2.04865189450301 "1" 0.818181818181818
-1.08045532721018 -2.72959548363071 "2" 0.3125
3.35352568899246 3.46559702789567 "1" 0.707865168539326
0.741670833172149 -0.0382237195166004 "1" 0.939226519337017
-2.36565164013948 0.643582693960153 "1" 0.698924731182796
-3.80363768483177 4.24236182769578 "1" 0.968503937007874
1.02410432247482 2.31663805036684 "1" 0.627906976744186
-2.27403660395133 -0.245544284782978 "2" 0.318181818181818
5.4242103359668 -2.85244383946189 "2" 0.0784313725490196
1.63437815240683 0.79238670599303 "1" 0.627906976744186
-8.21002338010791 -1.12434437720214 "1" 0.957746478873239
-3.06764903504608 2.49050282054878 "1" 0.968503937007874
-3.73735404500303 -3.37110903974632 "2" 0.0970464135021097
-3.04992574567413 -2.06338903041421 "1" 0.727272727272727
-4.94411842543089 8.56689658752184 "1" 0.968503937007874
1.56338035646207 4.01364244345473 "1" 0.707865168539326
1.13084258988191 -3.19827793788809 "2" 0.0784313725490196
1.27591203246024 -1.52595442911271 "1" 0.939226519337017
3.37026612754921 -0.333930176614142 "1" 0.957746478873239
-0.106055926960533 -2.24217166589587 "1" 0.818181818181818
4.31551926903594 2.63865590692126 "2" 0.391304347826087
-3.38388481543322 0.74941692288373 "1" 0.957446808510638
-2.05622259027734 4.76640967171813 "1" 0.968503937007874
-2.33377956969019 -0.324107814251169 "2" 0.318181818181818
-1.13368385149476 2.67329213110011 "2" 0.3125
-2.71175286791599 1.03007048651515 "1" 0.698924731182796
1.9294432553652 -4.24310303566868 "2" 0.0970464135021097
-0.384326328422797 -4.19971317906818 "2" 0.0970464135021097
3.33284081803739 0.240103831166428 "1" 0.957746478873239
-4.57812187884214 -5.31907243671018 "2" 0.4
-4.594172605095 -2.7983278001296 "1" 0.968503937007874
-2.03750059077457 2.03677482753725 "1" 0.698924731182796
-2.62011941591602 2.06134315251084 "1" 0.698924731182796
-4.56295267772397 -1.37331173268777 "1" 0.957746478873239
1.17744326106215 0.152319489776193 "1" 0.939226519337017
2.00963724450793 -3.51812119697776 "2" 0.0970464135021097
3.95524513392488 -0.321659424808744 "1" 0.957746478873239
1.53606812508285 2.69944402458451 "2" 0.391304347826087
1.29417290704428 3.80543723299612 "2" 0.321428571428571
3.91246570552058 -3.77968158272554 "2" 0.0970464135021097
-1.1674076718071 -1.0623480405148 "1" 0.727272727272727
0.382923822146404 -0.447641839663105 "1" 0.923076923076923
0.868045337673042 0.474244894294501 "1" 0.939226519337017
7.11822789562274 -3.79199144126353 "2" 0.0970464135021097
1.29019906333452 0.484212134284465 "1" 0.939226519337017
-2.35646303426346 1.54418606116317 "1" 0.698924731182796
1.4013839507486 4.79238023138812 "2" 0.321428571428571
-3.43806891018509 -3.4415510169593 "2" 0.0970464135021097
-3.34538140767451 1.69368802605798 "1" 0.957446808510638
3.63200306518936 -0.947098013101045 "1" 0.957746478873239
-3.51862182740632 -5.10289657985519 "2" 0.0970464135021097
-4.69970039832609 5.9014108785708 "1" 0.968503937007874
-1.41069118191826 -3.03572867591026 "1" 0.5
-1.89805888398252 -2.06639280934858 "1" 0.727272727272727
0.939751095609558 -0.914409052253552 "1" 0.939226519337017
-0.719513330603516 0.901988044687989 "2" 0.184873949579832
7.93935363601687 0.385838119560761 "1" 0.769230769230769
4.00020475759627 -4.550228355177 "2" 0.0970464135021097
-5.98478523958092 -2.19793210027366 "1" 1
0.958102195413794 1.91033575108973 "1" 0.627906976744186
-1.23395341507925 -2.71981000536937 "2" 0.3125
2.32654472753321 0.647605257628988 "1" 0.698924731182796
-3.04845556399366 0.3103502498417 "1" 0.888888888888889
-1.55994975317915 2.80088587163795 "2" 0.391304347826087
0.21176494099 1.86557232224761 "2" 0.184873949579832
1.2289308967165 1.06974589635112 "1" 0.627906976744186
-4.96445017863822 3.07242313912871 "1" 0.968503937007874
-1.17787208314449 0.983260259394314 "2" 0.184873949579832
-6.12040091293523 -2.4697027585816 "1" 1
1.62199636384276 -1.02631147777176 "1" 0.939226519337017
-1.9959635660555 -2.04434210779283 "1" 0.727272727272727
4.14156016538154 -2.26064846844082 "2" 0.263157894736842
3.54557482824687 3.61506748085598 "1" 0.707865168539326
-2.34513095740859 3.01287234488217 "1" 0.968503937007874
1.0565343341143 1.06810417919811 "1" 0.627906976744186
3.51066830488044 0.0174262498682097 "1" 0.957746478873239
1.38773905746597 -0.0344519914228618 "1" 0.939226519337017
-3.3308329100763 -1.54021869617908 "1" 1
-5.92356580928242 1.46509419418045 "1" 0.957446808510638
0.735605446542549 -4.07764839991205 "2" 0.0970464135021097
-2.15677188568758 -3.49577044226329 "2" 0.0970464135021097
4.11853175164423 1.99230330666617 "1" 0.666666666666667
-2.46185523168045 -2.4949912742497 "1" 0.968503937007874
1.95137294905846 2.31124139577767 "1" 0.698924731182796
2.80895206958094 0.283842864570665 "1" 0.939226519337017
2.38841058753312 0.681127247932906 "1" 0.698924731182796
-5.06420245253446 -0.64504138826679 "1" 0.957746478873239
-4.41912414817028 -1.44740950118565 "1" 1
-1.47839803540303 5.08829691554582 "1" 0.909090909090909
3.12668250969294 -1.16543579703638 "1" 0.957746478873239
3.72702072920016 7.37009650042542 "1" 0.707865168539326
5.57357121120698 0.743233525124602 "1" 0.957446808510638
-2.78802575966533 0.125853306760498 "1" 0.888888888888889
-1.95962081031643 1.72333660013616 "1" 0.698924731182796
-0.0732350476043626 2.1951613963788 "2" 0.184873949579832
3.74038306163182 -4.7822826419408 "2" 0.0970464135021097
-5.74133826184009 -0.38038392610382 "1" 0.957746478873239
-3.66849439500068 0.582745687789623 "1" 0.957446808510638
5.24722321734956 -3.86228171804377 "2" 0.0970464135021097
2.35191818226956 -3.36310878962762 "2" 0.0970464135021097
-6.40674494274615 -1.71271672786914 "1" 1
3.21933574232236 1.61394231609576 "1" 0.957446808510638
1.15770400818666 -1.43331065757683 "1" 0.939226519337017
-2.09695001913598 -2.73749738494802 "1" 0.968503937007874
-0.0170635947623547 -4.47769522596066 "2" 0.0970464135021097
1.90771697120937 -5.32349130407076 "2" 0.0970464135021097
1.05769071254648 2.14279940446414 "1" 0.627906976744186
2.38700865371839 2.39035084236917 "1" 0.698924731182796
4.61085652125534 -3.86442318333128 "2" 0.0970464135021097
1.17033764066761 -3.14105915285677 "2" 0.0784313725490196
-4.44190295556424 0.219294512635652 "1" 0.957746478873239
0.184738479225796 6.10819844267796 "2" 0.14018691588785
-7.12725009541004 5.28090935586839 "1" 0.968503937007874
-0.728001369501488 -1.06960628784908 "1" 0.727272727272727
-2.39719667008486 -2.2104609991386 "1" 0.727272727272727
-2.77645911981617 5.54664685833435 "1" 0.968503937007874
-1.84580062372076 4.47095604742868 "1" 0.968503937007874
11.5433031174897 -4.9418664430803 "2" 0.0970464135021097
-2.99909614495249 -3.52430871930131 "2" 0.0970464135021097
-2.73505960550177 2.18417228828756 "1" 0.698924731182796
-1.14324028849373 -0.485324840627596 "2" 0.318181818181818
-1.15199239976935 -7.70986122392671 "2" 0.0970464135021097
10.1936823097998 0.36222308913796 "1" 0.769230769230769
-0.0782135081086902 4.80053246120293 "2" 0.14018691588785
-0.449518873325166 0.0745925743099436 "2" 0
-1.40504910412461 2.67617543419313 "2" 0.3125
3.37738987883846 -2.57439514958772 "2" 0.391304347826087
-0.636058761158714 -0.30543124670906 "2" 0.318181818181818
1.41005666117079 2.84537202930029 "2" 0.321428571428571
0.326620395480264 -0.439452005433544 "1" 0.923076923076923
-4.68427566303091 -0.194210263460117 "1" 0.957746478873239
-2.43378986126555 0.549029040005103 "1" 0.698924731182796
0.00344669858097175 -3.03190913149873 "2" 0.0784313725490196
3.60932526375283 -2.46452057259688 "2" 0.263157894736842
0.935079171321291 -1.31373111082744 "1" 0.939226519337017
0.391795281770155 -2.93836733828079 "2" 0.0784313725490196
-2.41549039237566 3.42742281639864 "1" 0.968503937007874
2.77826296294909 -2.63372592359741 "2" 0.391304347826087
2.84105097938464 -0.348117874166087 "1" 0.939226519337017
-0.965393906959281 4.06159887188172 "1" 0.909090909090909
2.31726981150821 -1.29371485504355 "1" 0.939226519337017
-0.724831507677832 -2.17686531331948 "1" 0.727272727272727
0.638312926167428 0.649507016121182 "1" 0.627906976744186
2.47678429391426 0.0881806963503847 "1" 0.939226519337017
1.6891484295917 0.600918589981361 "1" 0.627906976744186
-2.25710307595954 -2.82415386924272 "1" 0.968503937007874
1.1345997984096 -2.05014154612959 "1" 0.818181818181818
-1.57537346037575 1.80462290515538 "2" 0.184873949579832
-0.571653953664631 -7.92421010888868 "2" 0.0970464135021097
-2.70635608753749 3.65655966052438 "1" 0.968503937007874
-0.0721805480103869 0.837599940520069 "2" 0.184873949579832
2.61719000098644 -4.53836587111621 "2" 0.0970464135021097
-0.937385138587306 -5.70095970648552 "2" 0.0970464135021097
2.16215234619316 -2.80510578076722 "2" 0.391304347826087
-0.308486402878172 3.23554425725951 "2" 0.14018691588785
1.67706608852575 1.12238542450854 "1" 0.627906976744186
-4.66259513597023 -0.785932105232015 "1" 0.957746478873239
2.12976788875808 0.68707539280088 "1" 0.698924731182796
-1.95478725735462 3.76969379171655 "1" 0.968503937007874
-1.31424316581709 -0.341185769878432 "2" 0.318181818181818
0.777912422630826 -0.599450871030083 "1" 0.939226519337017
1.47461141150212 -1.03757502372146 "1" 0.939226519337017
-1.48569487210887 -0.612444254407009 "2" 0.318181818181818
-3.09562607587574 -5.91442724494409 "2" 0.0970464135021097
-2.08147874362111 -0.461070326480272 "2" 0.318181818181818
-3.80026238590814 6.89290043528478 "1" 0.968503937007874
3.36960522995652 -0.40182226516169 "1" 0.957746478873239
1.14260997152478 1.96827904297045 "1" 0.627906976744186
-0.0365705293778907 -1.10035901075834 "1" 0.923076923076923
-3.10683959780914 4.48532053608247 "1" 0.968503937007874
2.57906021875353 2.1021279605556 "1" 0.698924731182796
0.56997794346634 -0.239224529017018 "1" 0.939226519337017
-5.17762676782627 -1.04903325336358 "1" 0.957746478873239
-1.16299707005119 -1.36533324787261 "1" 0.727272727272727
-0.956403708967964 -2.41239411497477 "1" 0.727272727272727
-0.972907776757825 1.63764562139635 "2" 0.184873949579832
0.0901595551686157 0.715236173433833 "2" 0.184873949579832
1.17696485720116 3.25953811994316 "2" 0.321428571428571
3.58689425856037 -1.720844514071 "2" 0.263157894736842
-0.340730149638849 -4.5570523882376 "2" 0.0970464135021097
-1.89017656716104 -5.88334879910736 "2" 0.0970464135021097
-3.56249739846673 -7.25810080857324 "2" 0.0970464135021097
1.00694179033258 2.26790308717891 "1" 0.627906976744186
-1.2826031188934 -0.0318247227172868 "2" 0
1.83449630564731 2.09025571191054 "1" 0.627906976744186
-2.61120464234935 2.65892055968145 "1" 0.968503937007874
-0.885152396484861 -1.85753367240206 "1" 0.727272727272727
-3.77353471936884 4.89733010353188 "1" 0.968503937007874
1.66360260334699 6.19657822063323 "1" 0.707865168539326
-0.613234528960258 0.472985642440283 "2" 0.318181818181818
8.38566876948546 -0.710876898864874 "2" 0.375
-1.3128993274091 1.81905435509581 "2" 0.184873949579832
-2.43825528101095 2.69711560294427 "1" 0.968503937007874
5.88908701071832 3.99539813561528 "1" 0.707865168539326
5.78538535663973 2.18409706463783 "1" 0.666666666666667
4.60254142793977 -0.371611442761946 "1" 0.957746478873239
0.95983199739435 1.0718033746862 "1" 0.627906976744186
2.20730266894213 -1.2006703425706 "1" 0.939226519337017
2.78061767731626 -2.77169998799873 "2" 0.391304347826087
3.38172802140997 -4.4326574802704 "2" 0.0970464135021097
-1.99640886028021 -4.27162646147285 "2" 0.0970464135021097
-2.37281066761345 -1.19064812478972 "1" 0.727272727272727
3.26300046620637 1.61857625246911 "1" 0.957446808510638
-3.51991135089856 2.96977583687296 "1" 0.968503937007874
1.16668016376788 0.39139786984674 "1" 0.939226519337017
-2.20354766251674 -0.719798628708319 "1" 0.727272727272727
6.1431710095039 -5.38259600118498 "2" 0.0970464135021097
2.92383726020801 -0.738918641211124 "1" 0.939226519337017
1.58303890255874 -2.62308428395488 "2" 0.391304347826087
0.588594546610721 -3.97182875385513 "2" 0.0970464135021097
-2.42830892248585 -3.28158221645678 "1" 0.5
-1.43455066878768 -1.25720947036137 "1" 0.727272727272727
0.294815792798231 -1.08131438447499 "1" 0.923076923076923
0.668290656086475 3.4614125975283 "2" 0.14018691588785
0.979164259452811 6.63377392718178 "2" 0.321428571428571
-7.8038058785846 1.44657319089945 "1" 0.957446808510638
1.06153103265793 -0.33886515972149 "1" 0.939226519337017
1.75664276786002 5.30636768386338 "1" 0.707865168539326
3.30738807472983 1.72657393020787 "1" 0.948717948717949
4.69328556148387 0.729485414605336 "1" 0.957446808510638
2.63124416245991 3.64764394623812 "1" 0.707865168539326
3.04387177100577 -4.74374080595777 "2" 0.0970464135021097
-1.26632075855627 1.19500620028069 "2" 0.184873949579832
-1.64012538969106 -0.00675913982549607 "2" 0
-2.59498347381712 2.7607296028956 "1" 0.968503937007874
4.90165981493417 -2.46604536731426 "2" 0
-6.1370051098484 -1.68759641631671 "1" 1
0.770197335386402 3.15068779694114 "2" 0.14018691588785
0.119945606319829 1.04954266463502 "2" 0.184873949579832
1.33165502348375 -2.33641708456608 "1" 0.818181818181818
2.52238917329634 -2.52917139381987 "2" 0.391304347826087
-4.08366714958217 -2.30644468313858 "1" 1
2.3973307187442 0.965134956622039 "1" 0.698924731182796
1.20567275816966 2.28090310463372 "1" 0.627906976744186
-0.193653264036411 -3.84229962891003 "2" 0.0970464135021097
-1.35580523076992 1.86173058963285 "2" 0.184873949579832
1.17495514251257 1.1942764690177 "1" 0.627906976744186
-2.26268395624016 0.691569839187958 "1" 0.698924731182796
1.19954845771608 0.608307822981403 "1" 0.627906976744186
0.0262101464147931 -1.89763433768618 "1" 0.923076923076923
-4.96886176997562 -6.19807175443231 "2" 0.4
5.2007034883218 -1.99023182656962 "2" 0
6.27400449982727 -4.33285532879203 "2" 0.0970464135021097
3.19182018672128 0.198424835319364 "1" 0.957746478873239
-1.24026552964091 -5.25770129511345 "2" 0.0970464135021097
-1.76713480928502 0.708239531446074 "2" 0.184873949579832
3.26930029074976 7.01604240991242 "1" 0.707865168539326
2.8212943771296 3.5314689166486 "1" 0.707865168539326
3.29009211564499 2.9849275474838 "2" 0.391304347826087
-0.802385124130061 -0.627788136249821 "2" 0.318181818181818
3.45157544548867 -2.00151997342034 "2" 0.263157894736842
5.35244429973152 -4.27532929862397 "2" 0.0970464135021097
0.500490184789434 1.84369383248853 "1" 0.627906976744186
0.55695747532439 2.31832156520745 "1" 0.627906976744186
0.106345104665654 2.52072916506616 "2" 0.14018691588785
-3.53642010667359 -1.94399780946368 "1" 1
-3.47487151966324 -1.10640535747608 "1" 0.957746478873239
-1.75241701333049 -4.46885324129847 "2" 0.0970464135021097
1.38951603234852 -0.0673796950139407 "1" 0.939226519337017
0.788373204560214 -2.78171484363265 "1" 0.529411764705882
3.65518558895643 -4.15956127598743 "2" 0.0970464135021097
-2.67250467954649 -3.47751226922441 "2" 0.0970464135021097
-0.327779437885938 -0.370292991745998 "2" 0.318181818181818
-1.42052118084066 0.656340511565277 "2" 0.184873949579832
0.598507356908388 2.61584650872321 "2" 0.14018691588785
1.88215668466075 -5.88059426146801 "2" 0.0970464135021097
5.07588763415499 4.63758718729085 "1" 0.707865168539326
4.99031493037835 -2.70867137851106 "2" 0.391304347826087
5.55889469447217 1.00491656265248 "1" 0.957446808510638
1.86778537775686 2.95207884344521 "2" 0.391304347826087
5.41010259386828 -2.60472496674161 "2" 0.391304347826087
-3.31760687699486 -2.85987665639809 "1" 0.5
0.444547678079693 0.652078840172828 "1" 0.627906976744186
4.34926197006929 -3.59243824158484 "2" 0.0970464135021097
-0.881587999947228 -1.22389512237056 "1" 0.727272727272727
1.42811196013654 -2.86652981158023 "2" 0.0784313725490196
2.28726002320343 0.813024058653578 "1" 0.698924731182796
-0.634005083349065 2.13880384988733 "2" 0.184873949579832
3.75576291435476 3.18541275429937 "1" 0.707865168539326
1.63108413074316 -0.948585473916594 "1" 0.939226519337017
-2.36902229270069 -0.264072287240326 "2" 0.318181818181818
3.53568589483687 -0.23905497650507 "1" 0.957746478873239
-3.69814216841224 -0.150584626750135 "1" 0.957746478873239
2.82843598625678 -0.627102760126551 "1" 0.939226519337017
-2.40651163693956 -2.28593069961797 "1" 0.727272727272727
1.82722653325922 0.568843687260227 "1" 0.627906976744186
1.32616203981896 -1.80038170423254 "1" 0.939226519337017
3.52515027148009 -0.102663718705629 "1" 0.957746478873239
1.25231297078453 -0.263659991293289 "1" 0.939226519337017
2.54568205859642 -3.81274255997812 "2" 0.0970464135021097
-2.13666392368275 3.47407061674264 "1" 0.968503937007874
-0.274464973249676 0.57238692331336 "2" 0.184873949579832
3.173601356114 -1.07666180787307 "1" 0.957746478873239
-2.52223333142662 1.53570810903136 "1" 0.698924731182796
-3.06029717058893 -3.17721668747081 "1" 0.5
-0.483666276034451 5.64433834865354 "2" 0.14018691588785
-0.36485894864823 1.51060361027376 "2" 0.184873949579832
0.00683629395383116 -0.86527372521147 "1" 0.923076923076923
6.95375346713914 3.39600219136589 "1" 0.707865168539326
-4.51022434771726 0.503107249829739 "1" 0.957746478873239
-2.75387122300436 -1.76306653343254 "1" 0.727272727272727
-2.47022647971611 -4.20642582669882 "2" 0.0970464135021097
4.33991130934959 -0.122270320697128 "1" 0.957746478873239
3.75053217765413 1.86242767177461 "1" 0.666666666666667
-2.80038486640271 0.979519343831468 "1" 0.957446808510638
-3.20429067045991 -4.19066366898221 "2" 0.0970464135021097
-0.992625667801986 1.25802029745765 "2" 0.184873949579832
-5.98207207660751 -1.6631047007953 "1" 1
1.47771689626632 0.0276970502244228 "1" 0.939226519337017
-0.232989151909806 3.74166238552059 "2" 0.14018691588785
-5.15069391329524 1.00361684386977 "1" 0.957446808510638
-0.713742375603403 1.58509767999521 "2" 0.184873949579832
-0.135230238789711 -2.49261447351625 "1" 0.529411764705882
2.50955132645321 0.670837445203127 "1" 0.698924731182796
-0.163974506658629 -4.36237789649452 "2" 0.0970464135021097
-2.13869262592023 2.57445279770511 "1" 0.968503937007874
-1.92372826273926 -2.28270333153521 "1" 0.727272727272727
4.05567571046141 -3.6314731269184 "2" 0.0970464135021097
-0.909675828912801 -2.57838900949915 "2" 0.321428571428571
0.894919562363354 1.95137503380734 "1" 0.627906976744186
1.21801838063796 0.556043378420423 "1" 0.627906976744186
1.33220075924697 -6.13143125650245 "2" 0.0970464135021097
-4.50527960089443 -6.52833418537683 "2" 0.4
2.06160157922846 -1.18874540859949 "1" 0.939226519337017
3.56291758154321 -2.6625203879106 "2" 0.391304347826087
6.16585534230523 0.124982749034304 "1" 0.769230769230769
-3.95247521782236 -1.64265298545038 "1" 1
-3.42806335748512 -1.30127858605484 "1" 0.957746478873239
1.32236249170756 0.859848494727797 "1" 0.627906976744186
-1.519582032301 1.96487196910505 "2" 0.184873949579832
3.75348753248639 -1.22913631610807 "1" 0.957746478873239
-4.53784170466004 1.39015674626593 "1" 0.957446808510638
1.11579121433227 -5.46222290646925 "2" 0.0970464135021097
1.15989840139605 -2.21749027315661 "1" 0.818181818181818
2.65349339793089 0.841066290583769 "1" 0.698924731182796
2.7088362630088 -1.12666737148427 "1" 0.939226519337017
0.336096098036753 1.8987973470696 "2" 0.184873949579832
-4.96533711789633 -3.45308011010765 "1" 1
0.990407123786291 2.36710166372342 "1" 0.627906976744186
1.135265848634 2.34662968045982 "1" 0.627906976744186
-5.5429503590504 0.537378568944417 "1" 0.957746478873239
3.37201966550824 -0.20445312854667 "1" 0.957746478873239
0.325176176907463 2.67261860984136 "2" 0.14018691588785
-3.34919527156828 -0.668272437083149 "1" 0.957746478873239
0.819659536219087 0.86900037607297 "1" 0.627906976744186
2.86869867989272 -3.38254537569621 "2" 0.0970464135021097
1.75095655399193 -2.06553710488082 "1" 0.818181818181818
-1.21602918692779 1.15828958409937 "2" 0.184873949579832
7.08168710123532 -1.78504052569149 "2" 0
-0.559698367259448 -0.966603598601104 "1" 0.727272727272727
0.997373654769365 3.25199999582074 "2" 0.321428571428571
1.4324429397693 0.511906310259192 "1" 0.939226519337017
2.83796567515761 1.51487215310981 "1" 0.957446808510638
2.539356351887 3.04221672620004 "2" 0.391304347826087
-0.0577649160161731 -0.774253058098698 "1" 0.923076923076923
-0.396262260643554 -0.949347076648735 "1" 0.727272727272727
-3.23949339377672 3.12441312379397 "1" 0.968503937007874
1.24915365498239 -5.09048734359202 "2" 0.0970464135021097
2.14073110439292 1.12844754166197 "1" 0.698924731182796
-1.26286931881029 0.315892093329005 "2" 0.318181818181818
2.55930686521159 4.75046831556636 "1" 0.707865168539326
0.187130736969594 -0.534922637488247 "1" 0.923076923076923
1.57304600177961 0.606996651340045 "1" 0.627906976744186
-2.22625244348937 -3.82756827206751 "2" 0.0970464135021097
3.21441980595899 -1.03583381262705 "1" 0.957746478873239
-3.87110535855672 -3.30725782201271 "2" 0.0970464135021097
6.29454951068692 1.78630710795881 "1" 0.666666666666667
-0.535617383970459 0.246354780663502 "2" 0.318181818181818
-4.214037292179 -1.00759134928544 "1" 0.957746478873239
-3.13340480466472 0.782208859062031 "1" 0.957446808510638
-6.0020168657353 4.0870892689451 "1" 0.968503937007874
-0.612703809977064 -1.98621560649172 "1" 0.727272727272727
0.567416334588277 1.5727661263472 "1" 0.627906976744186
-1.93132360859962 0.0963998993208486 "2" 0
-0.507072303666358 -3.1821764439377 "1" 0.5
-3.90685093926837 -4.8196963879261 "2" 0.0970464135021097
3.0515612718238 3.77559733269949 "1" 0.707865168539326
-0.498251177289069 4.63098895936491 "2" 0.14018691588785
0.856205221600931 3.67947947860715 "2" 0.14018691588785
6.36652257334728 -2.94524109675352 "2" 0.0784313725490196
2.92806315439152 -1.09049630062291 "1" 0.939226519337017
-3.56174887864302 5.81921463367439 "1" 0.968503937007874
3.37415924291072 2.25940003280651 "1" 0.666666666666667
-5.00711664410704 1.97914614337816 "1" 0.948717948717949
8.60798259344742 5.50015691782636 "1" 0.707865168539326
4.42532474676448 -3.38321927181452 "2" 0.0970464135021097
-4.67866146028177 -1.43840496373829 "1" 1
-2.52214017085521 -1.58988127868616 "1" 0.727272727272727
4.6563898086504 -1.24923440136151 "1" 0.957746478873239
-3.480449737625 -3.26789391586424 "1" 0.5
7.19839347404698 0.279082375212402 "1" 0.769230769230769
3.97682555430106 -0.610117549994516 "1" 0.957746478873239
2.50788244620497 -2.7883906606246 "2" 0.391304347826087
-1.35723524194815 5.55931456543408 "1" 0.909090909090909
5.01661530675269 0.183560073642511 "1" 0.769230769230769
0.544998067254595 -7.20673500180931 "2" 0.0970464135021097
3.24690208434478 -0.968710136721684 "1" 0.957746478873239
-1.72301829616436 -7.68865084336486 "2" 0.0970464135021097
2.43901043453261 -0.727604581450309 "1" 0.939226519337017
-2.91721503592897 1.13053199347116 "1" 0.957446808510638
-1.60801217685458 -1.66157954026987 "1" 0.727272727272727
-0.540880860273594 -0.100945635265669 "2" 0
3.60766964463742 0.999612360524064 "1" 0.957446808510638
0.547903562719032 -1.1540513714522 "1" 0.939226519337017
-1.3587759145595 4.1348309191855 "1" 0.909090909090909
-3.13509977054583 5.63777664101425 "1" 0.968503937007874
-2.2118082353489 2.43952586488658 "1" 0.698924731182796
0.942636383658772 2.89787704614277 "2" 0.321428571428571
1.07500964231413 7.01113386672634 "2" 0.321428571428571
-0.855026886893674 -0.398650065811666 "2" 0.318181818181818
-2.01711554318783 0.522565118103706 "2" 0.318181818181818
-6.21507869415473 -4.66329167281947 "1" 1
1.13432931546158 -0.18930146936701 "1" 0.939226519337017
-1.11763747866219 -1.61348562075477 "1" 0.727272727272727
-0.136459380457753 -0.422836219453025 "1" 0.923076923076923
-0.412818129114326 0.377649603223264 "2" 0.318181818181818
-6.13700093325637 -0.399628833807305 "1" 0.957746478873239
-0.264404506604164 -0.853879110751901 "1" 0.727272727272727
5.40977439465493 -7.44409949925972 "2" 0.0970464135021097
5.54826835642295 3.6531445272171 "1" 0.707865168539326
-4.50619071838869 1.89150514733842 "1" 0.948717948717949
0.0915501937239325 -5.40187338423115 "2" 0.0970464135021097
-6.23787703785603 0.0979269007563333 "1" 0.957746478873239
-1.77537479011956 4.30232664266857 "1" 0.968503937007874
5.21297408239487 5.34092701438897 "1" 0.707865168539326
2.49660712152715 7.39494355392844 "1" 0.707865168539326
-1.02968935355029 -1.66501906704778 "1" 0.727272727272727
-1.18586786716804 2.85645677142544 "2" 0.3125
-0.245596008869452 4.24551355894616 "2" 0.14018691588785
-3.54936571228514 -2.30461559139291 "1" 1
0.300763826669946 1.74958441179257 "2" 0.184873949579832
-2.52364666762109 0.913695091890422 "1" 0.698924731182796
-4.06382674407745 3.84155865148461 "1" 0.968503937007874
-2.47275782975141 0.768678415106656 "1" 0.698924731182796
3.13646715231241 -0.739267304395813 "1" 0.957746478873239
-3.15919929898639 1.45812663470476 "1" 0.957446808510638
-2.87240167149155 -3.19684257522205 "1" 0.5
-6.97349675066697 1.99014307335174 "1" 0.948717948717949
1.6260114775019 -1.0905498037136 "1" 0.939226519337017
0.261821900822566 1.36523900022415 "2" 0.184873949579832
-1.16070541736969 0.690895184140006 "2" 0.184873949579832
2.72165394424996 0.844128993161444 "1" 0.698924731182796
0.061401687384591 -2.17138977843444 "1" 0.818181818181818
1.72532525983728 -0.326149889068212 "1" 0.939226519337017
-1.26158853969512 -1.30716365059509 "1" 0.727272727272727
-1.90419998956812 1.79580039991222 "2" 0.184873949579832
3.3083485386498 6.04832832187565 "1" 0.707865168539326
2.50040236841482 1.69043019486696 "1" 0.698924731182796
2.74138186280994 -3.64854997613604 "2" 0.0970464135021097
1.24932607321687 -3.50871114229581 "2" 0.0970464135021097
-0.36670944313203 0.0772472180488667 "2" 0
-2.60612205174962 3.00471018157668 "1" 0.968503937007874
5.93570383299999 4.25240497580535 "1" 0.707865168539326
0.463011104163095 -3.32311726861074 "2" 0.0970464135021097
-1.03190099820998 0.312519942079437 "2" 0.318181818181818
5.31122982340229 0.390568919186644 "1" 0.769230769230769
5.05921252569293 -0.331416456539177 "1" 0.769230769230769
-1.99834172983719 -3.720026321354 "2" 0.0970464135021097
-0.00778197937096794 1.87581091953924 "2" 0.184873949579832
-0.858000836297667 -5.73898084015564 "2" 0.0970464135021097
2.86993505548599 2.06559781639619 "1" 0.948717948717949
-0.939157657154816 -4.73808248179959 "2" 0.0970464135021097
0.817941216741794 -1.01358616948287 "1" 0.939226519337017
0.124356367733426 -0.441396447655225 "1" 0.923076923076923
-0.0146455572200096 -2.02090630117523 "1" 0.818181818181818
-2.92865768581891 -1.70588332915362 "1" 0.727272727272727
0.432150252742626 1.41256947523259 "1" 0.627906976744186
1.3698576560856 3.90401015670197 "2" 0.321428571428571
0.113249803236825 0.110127385652689 "2" 0.357142857142857
-1.11292093626176 -1.78468445901162 "1" 0.727272727272727
1.69544559139287 -1.99586488645829 "1" 0.818181818181818
0.364867928682903 2.1485130622324 "2" 0.184873949579832
2.49868390799876 -1.39117243471257 "1" 0.939226519337017
-3.07142981579556 -4.64232088090521 "2" 0.0970464135021097
5.84151366880094 0.131787371505469 "1" 0.769230769230769
-3.13246224555942 2.73068434014399 "1" 0.968503937007874
-1.47400478817559 1.38421622855193 "2" 0.184873949579832
2.25207991046338 5.12907014502564 "1" 0.707865168539326
1.16909284157854 7.40513306958799 "2" 0.321428571428571
-4.45921852756961 1.87489618879685 "1" 0.948717948717949
-1.89306565002438 -0.536767233173634 "2" 0.318181818181818
2.18137383607623 3.80966283174813 "1" 0.707865168539326
6.44834999542548 2.23983840462769 "1" 0.666666666666667
5.13875237381743 6.36034396812758 "1" 0.707865168539326
5.86247398497149 1.03991952849592 "1" 0.957446808510638
3.42496579804022 -0.493404648916569 "1" 0.957746478873239
1.45759358166555 2.52606014221726 "2" 0.321428571428571
-0.83432972443869 0.66367979530502 "2" 0.184873949579832
2.02088313486277 1.21506823382523 "1" 0.698924731182796
-1.8411604717914 4.03627922311329 "1" 0.968503937007874
-6.00946759227435 -3.81081659164074 "1" 1
3.63684304002551 -1.79159533490621 "2" 0.263157894736842
-1.54850982209304 -2.15374669644214 "1" 0.727272727272727
2.18046480767946 -2.74345778093039 "2" 0.391304347826087
-5.17590908492464 0.172071000692614 "1" 0.957746478873239
-10.4024704215915 -1.42616657081037 "1" 1
-0.34009866784103 2.05179738174427 "2" 0.184873949579832
-4.34151583620746 3.86416998801528 "1" 0.968503937007874
-1.10773420857307 -2.0465983711618 "1" 0.727272727272727
1.0186840179415 1.23906268367664 "1" 0.627906976744186
-1.60850705572446 0.946654151665895 "2" 0.184873949579832
0.090677054941035 -2.79972378803946 "1" 0.529411764705882
-2.17482922659028 0.768047513619253 "1" 0.698924731182796
-3.29171855669237 -2.355047251438 "1" 1
-0.710691776553304 -3.1908215378869 "1" 0.5
3.03867895890818 -5.49579319413212 "2" 0.0970464135021097
-3.30467648854154 5.14118487680787 "1" 0.968503937007874
2.62526058199314 -0.379357160312327 "1" 0.939226519337017
-1.63008385720309 -1.00105133080304 "1" 0.727272727272727
-3.97557772628399 4.29646347287782 "1" 0.968503937007874
1.90481100983521 6.39789343022491 "1" 0.707865168539326
2.19060911495137 -2.16707612135834 "2" 0.25
3.49956462852818 -3.6457774161077 "2" 0.0970464135021097
1.77821809048047 -0.234261785629611 "1" 0.939226519337017
-0.128833936688874 -4.35782523739366 "2" 0.0970464135021097
4.56305013490342 -1.86298413138209 "2" 0.263157894736842
-1.31208914682394 -0.306697584781287 "2" 0.318181818181818
-0.255631688965516 -1.57348368608234 "1" 0.727272727272727
-0.990904061704399 5.05377897046553 "1" 0.909090909090909
2.23671146938264 0.700811787071974 "1" 0.698924731182796
-1.12535693615123 0.368628276550655 "2" 0.318181818181818
1.95537883503152 5.01612103572147 "1" 0.707865168539326
-4.30423263994597 4.53149252763141 "1" 0.968503937007874
-2.33747290136829 -0.95078736252426 "1" 0.727272727272727
0.880205696672624 0.0361175234258281 "1" 0.939226519337017
0.581712107247896 -2.88421026762304 "2" 0.0784313725490196
-2.09730510839334 -2.06087133174284 "1" 0.727272727272727
4.17464659612775 -4.33864302232265 "2" 0.0970464135021097
2.45717590320618 1.96136514129497 "1" 0.698924731182796
0.258583258838855 -0.683060985107484 "1" 0.923076923076923
0.885378027479562 1.6885199959039 "1" 0.627906976744186
-0.802543059139883 -0.634627230303312 "2" 0.318181818181818
3.65195123546829 -4.38804639460755 "2" 0.0970464135021097
1.11178111405251 -3.18239286748438 "2" 0.0784313725490196
-6.00216282640212 2.23827518714991 "1" 0.948717948717949
0.0952918177721988 -2.29468427238546 "1" 0.818181818181818
-0.148742589582903 -4.27072571728541 "2" 0.0970464135021097
-3.05164282567832 -4.85881149748512 "2" 0.0970464135021097
-1.10750133115826 -1.78245700315742 "1" 0.727272727272727
5.14790137856029 1.03506941428779 "1" 0.957446808510638
7.60604122792019 -1.04038909744004 "2" 0.375
3.26897524321216 -1.59264159326671 "2" 0.263157894736842
-1.33353464616604 -0.199993818499449 "2" 0.318181818181818
2.97739454186963 0.238467195625346 "1" 0.939226519337017
2.10247608113929 2.82297070898039 "2" 0.391304347826087
5.27284517477526 0.194120028852184 "1" 0.769230769230769
-1.94905855992973 -0.391517606733023 "2" 0.318181818181818
2.66085583340386 -1.10961914958238 "1" 0.939226519337017
7.85742560628574 -3.0213035345441 "2" 0.0784313725490196
-6.30523221574018 -0.3771100574496 "1" 0.957746478873239
2.63349183904033 -4.06062755554953 "2" 0.0970464135021097
3.96609844227942 4.39658614525419 "1" 0.707865168539326
1.46638469917538 0.611361828561064 "1" 0.627906976744186
1.72264362781286 -5.76002944309511 "2" 0.0970464135021097
-2.26338980579669 -3.82186005619335 "2" 0.0970464135021097
-2.20649651377343 2.1061090159941 "1" 0.698924731182796
-3.07539289697933 -6.85609736597537 "2" 0.0970464135021097
-5.15778709134815 2.05714801766833 "1" 0.948717948717949
1.29852174720023 0.90608541025716 "1" 0.627906976744186
0.332421469120976 -2.15082295818021 "1" 0.818181818181818
-0.0884612482720266 -1.73746181797171 "1" 0.923076923076923
0.471199853952954 -3.90067986534959 "2" 0.0970464135021097
-1.24145437635781 -3.5503712694132 "2" 0.0970464135021097
5.31006184056306 -1.12740629913711 "2" 0
1.07211401196369 -4.40147450555683 "2" 0.0970464135021097
-0.0622152776853196 -0.88602215257095 "1" 0.923076923076923
-3.17911602505181 -1.68943905287939 "1" 1
-2.94571884800637 0.459780087335416 "1" 0.888888888888889
-2.24884225642532 1.5117035576937 "1" 0.698924731182796
1.40962850627248 0.775430725735478 "1" 0.627906976744186
2.74886100616382 1.84409246462444 "1" 0.698924731182796
-1.69786274255208 0.480282822605313 "2" 0.318181818181818
-2.52196604909525 -1.92139947457814 "1" 0.727272727272727
-2.19147532845727 -0.701816113888588 "1" 0.727272727272727
-3.25237896621576 4.07664102822856 "1" 0.968503937007874
0.3288877650849 4.79062703258665 "2" 0.14018691588785
3.67337448067414 1.3735803564641 "1" 0.957446808510638
-7.81922211307668 -3.1281699989392 "1" 1
-0.237108894714855 0.989963631315718 "2" 0.184873949579832
3.93303430101651 3.65817360903966 "1" 0.707865168539326
-2.36545430274014 -3.30225638469024 "1" 0.5
-0.323563520495223 3.34496845030492 "2" 0.14018691588785
2.38357332116864 -4.61269099183222 "2" 0.0970464135021097
1.0964341440206 -0.609940820059634 "1" 0.939226519337017
0.990767816969595 4.02451794271495 "2" 0.321428571428571
-6.86048203978952 0.105563825737816 "1" 0.957746478873239
-1.23327760584036 2.04403578944732 "2" 0.184873949579832
-0.565550650035309 -0.34977474244717 "2" 0.318181818181818
3.18136956940659 -2.35892424344171 "2" 0.263157894736842
0.956083871685754 3.95336503235291 "2" 0.321428571428571
2.27384015817825 1.05168973903024 "1" 0.698924731182796
2.56393028374348 -1.46569140416852 "1" 0.939226519337017
-4.34842502119599 -3.77601341331618 "1" 1
1.62538554117334 0.938914766764151 "1" 0.627906976744186
1.52330629575093 -1.18413132403603 "1" 0.939226519337017
-3.86951810552139 2.16808017924178 "1" 0.948717948717949
-6.26188212384378 2.99969286051378 "1" 0.968503937007874
0.732547501812947 5.55670042080899 "2" 0.14018691588785
1.37100779118777 0.0196214051515788 "1" 0.939226519337017
-2.07533481587897 0.4806633608794 "2" 0.318181818181818
3.07387823409306 -1.18724528730371 "1" 0.939226519337017
-4.10391784358049 -2.12850200049182 "1" 1
5.81057476246807 -7.09008965274927 "2" 0.0970464135021097
1.8460401197954 -3.61317570633801 "2" 0.0970464135021097
4.47061737442778 1.91150939644645 "1" 0.666666666666667
2.44880728469597 4.93996901104598 "1" 0.707865168539326
1.03519706763849 -4.1630684373168 "2" 0.0970464135021097
1.17766420129483 2.23999937124007 "1" 0.627906976744186
3.85777087265472 -1.29582098790242 "1" 0.957746478873239
3.34512282714995 2.37356516813741 "1" 0.666666666666667
0.755777575951387 5.23040289932267 "2" 0.14018691588785
6.15469608494423 -2.8784610476987 "2" 0.0784313725490196
-3.1596874418432 -6.24239388031987 "2" 0.0970464135021097
-3.91006973910007 -0.892916754215749 "1" 0.957746478873239
7.3768938584637 2.07275995706538 "1" 0.666666666666667
-2.38024125974826 2.85044726285925 "1" 0.968503937007874
4.77404831430133 1.46370635208286 "1" 0.957446808510638
2.46455459326936 -0.398904904771445 "1" 0.939226519337017
-1.28782469261032 9.20250244766643 "1" 0.909090909090909
0.0428881455697338 2.87784165883233 "2" 0.14018691588785
-1.20731820427957 -1.15110284192729 "1" 0.727272727272727
0.295937057005665 0.526957134087668 "2" 0.357142857142857
-1.48767135473857 2.41708818967517 "2" 0.184873949579832
-3.22261578642425 1.36962865599947 "1" 0.957446808510638
2.06318715594204 -0.0749128617301019 "1" 0.939226519337017
-0.881835279581441 0.573393755743206 "2" 0.184873949579832
-0.558335807862477 1.43740086344432 "2" 0.184873949579832
-1.04674945450883 -1.77053526261311 "1" 0.727272727272727
1.0402271472378 -0.761052368316929 "1" 0.939226519337017
-2.93952120007548 2.38705575716214 "1" 0.948717948717949
0.994435684025262 -1.26583306294597 "1" 0.939226519337017
-1.55611092978914 1.90120473635627 "2" 0.184873949579832
-0.680414596470025 -3.34178569456248 "2" 0.0970464135021097
-1.48096002930568 2.7286496764747 "2" 0.3125
0.175963432269084 3.80707825255486 "2" 0.14018691588785
1.32061976323663 -1.36647533563986 "1" 0.939226519337017
-2.58821052097147 -4.75227925657894 "2" 0.0970464135021097
-1.71296968811376 0.912733632307622 "2" 0.184873949579832
-0.387134758907807 0.73433704614639 "2" 0.184873949579832
-4.79239595624296 -4.66502919337051 "1" 1
-0.360802959410366 1.79241786026484 "2" 0.184873949579832
4.95627445647629 -6.10118868285468 "2" 0.0970464135021097
-1.08603258176803 -2.29828328499071 "1" 0.727272727272727
-0.117608219020135 4.94592223123607 "2" 0.14018691588785
-3.30198831814797 2.34558376601182 "1" 0.948717948717949
-0.998845079499254 0.321105814582628 "2" 0.318181818181818
1.55239875817984 -8.51709279198333 "2" 0.0970464135021097
2.35793786303119 0.252142806242739 "1" 0.939226519337017
0.476390797691689 -3.20547517727066 "2" 0.0784313725490196
-0.702550898972101 0.124560699357071 "2" 0
-3.52862086761106 0.381610813497781 "1" 0.957746478873239
-0.0400155428865204 1.36608643883185 "2" 0.184873949579832
0.928877195401011 -0.911828562749409 "1" 0.939226519337017
-1.13588399185665 -0.457897831641111 "2" 0.318181818181818
2.8413514348697 -1.462321627625 "1" 0.939226519337017
0.691228159099516 0.376975676549632 "1" 0.939226519337017
-2.86055216901492 -1.95455406545827 "1" 0.727272727272727
-1.09524256851404 1.81509766241478 "2" 0.184873949579832
-1.89507493654829 -2.8671241575344 "1" 0.5
-3.80237494720672 -3.92969066594484 "2" 0.0970464135021097
-3.39850764917547 -0.259118375538058 "1" 0.957746478873239
-1.05359550531114 -1.37091308260319 "1" 0.727272727272727
-2.22974978480027 1.34874472782223 "1" 0.698924731182796
0.44616061271717 -4.58593084167167 "2" 0.0970464135021097
-5.72845002152748 0.78391234219539 "1" 0.957446808510638
-4.09592093744269 2.93699679539244 "1" 0.968503937007874
4.11505555767767 -2.6806969188188 "2" 0.391304347826087
-1.07465924373756 2.32949768919302 "2" 0.184873949579832
0.774907571887881 2.48129668775723 "2" 0.14018691588785
2.3991222673351 1.77007727633932 "1" 0.698924731182796
-0.215946444987964 -3.29525344005089 "2" 0.0784313725490196
3.6879549564645 -0.939982921304774 "1" 0.957746478873239
2.452400758713 0.973039521001984 "1" 0.698924731182796
6.13588297018269 -4.31683819270228 "2" 0.0970464135021097
2.695845331542 -2.53909044239193 "2" 0.391304347826087
5.79114748135592 1.45201181224828 "1" 0.957446808510638
0.0963567954608481 3.22106248804262 "2" 0.14018691588785
-3.47436021669794 0.981221609048004 "1" 0.957446808510638
3.22258560274296 -1.49057390968259 "2" 0.263157894736842
-0.917949801277915 -1.90441145492594 "1" 0.727272727272727
1.44686575749445 5.77583862305081 "2" 0.321428571428571
5.23045375023362 -1.02031407852052 "2" 0.375
2.39754676455905 2.07605275378188 "1" 0.698924731182796
-4.49532202303229 -3.38772271435705 "1" 1
4.52911720324839 -3.01725254982259 "2" 0.0784313725490196
2.21153465994278 -1.20144696692883 "1" 0.939226519337017
-0.308285399729102 1.07409021138276 "2" 0.184873949579832
-2.01363594069772 2.59360951384775 "1" 0.968503937007874
-0.113283023749314 0.0253759266291021 "2" 0.357142857142857
-3.88389616195858 1.41357477060587 "1" 0.957446808510638
-6.71963119417615 -0.295965408621106 "1" 0.957746478873239
-2.3413927702932 1.03091251540266 "1" 0.698924731182796
-0.105339776826544 -4.31883883329263 "2" 0.0970464135021097
-3.68025469364407 0.167870341430659 "1" 0.957746478873239
-6.7079797932843 -0.619589426655624 "1" 0.957746478873239
1.76285705020532 -0.551709744742125 "1" 0.939226519337017
-2.34149956016686 -1.86483302271352 "1" 0.727272727272727
0.138315273333981 5.18391535189162 "2" 0.14018691588785
-7.22583246598242 -2.51931976758039 "1" 0.968503937007874
2.38886459160921 -0.841765409893537 "1" 0.939226519337017
-2.74870375884918 -2.51188355720669 "1" 0.968503937007874
3.61107450459656 -0.824504257730108 "1" 0.957746478873239
0.198001753728578 1.41703408788841 "2" 0.184873949579832
0.63699477929682 -6.67706370553684 "2" 0.0970464135021097
0.891767688561384 -0.55077522054814 "1" 0.939226519337017
-0.319003943086 -0.882449040788495 "1" 0.727272727272727
1.95168610844161 -3.43199393883733 "2" 0.0970464135021097
5.74128952966253 -0.488411303157968 "1" 0.769230769230769
0.929455931777998 0.803291234647033 "1" 0.627906976744186
-0.38625110316633 0.770404192911894 "2" 0.184873949579832
-0.636455927252951 -1.51073017338959 "1" 0.727272727272727
-3.57944819727791 6.9410471945154 "1" 0.968503937007874
0.52610602883179 -0.985432190544055 "1" 0.939226519337017
-4.22764990129557 -4.80207522693464 "1" 1
-3.2786092150549 -1.65267675066844 "1" 1
4.24313968382605 2.87952271075173 "2" 0.391304347826087
-4.6040841336408 -2.2573896123432 "1" 1
6.39341634464194 -0.203086454605904 "1" 0.769230769230769
2.10516237658514 -1.19439584960121 "1" 0.939226519337017
5.29495325857908 -2.056338194093 "2" 0
1.358068224245 3.95768909159915 "2" 0.321428571428571
-0.563966231702886 -5.56054386105283 "2" 0.0970464135021097
5.06877155290141 -0.062535213439351 "1" 0.769230769230769
0.0607116703775448 -0.513052704315083 "1" 0.923076923076923
-1.26242826246676 4.30065470275151 "1" 0.909090909090909
-1.74007557699332 -0.177756418049725 "2" 0.318181818181818
-1.63685209566848 3.10354635512805 "2" 0.391304347826087
1.34715614019288 0.709346059969203 "1" 0.627906976744186
1.18425251105865 -2.50867342581859 "2" 0.321428571428571
0.193256035404172 1.13991027349627 "2" 0.184873949579832
-5.4764105416485 -3.31380090641254 "1" 1
-3.35098947089448 -3.561599298876 "2" 0.0970464135021097
-6.79455786399756 3.64146776655208 "1" 0.968503937007874
-3.66041065501239 0.634137440837112 "1" 0.957446808510638
5.54668173267501 -4.75371303074069 "2" 0.0970464135021097
4.56593430599198 -1.83621927968771 "2" 0.263157894736842
-2.17547290132064 1.82518389181531 "1" 0.698924731182796
3.74308927091913 0.835375580101218 "1" 0.957446808510638
-0.411257658812267 -1.33361767998391 "1" 0.727272727272727
-0.541199158233096 -2.84003778650012 "1" 0.5
3.1598290631979 -0.803337804519536 "1" 0.957746478873239
-0.387783259454874 2.72053614228809 "2" 0.14018691588785
3.62605488466262 -1.7004476150237 "2" 0.263157894736842
0.879918770361926 2.88235365652928 "2" 0.14018691588785
-2.94812738071348 1.95993126469751 "1" 0.948717948717949
1.21926323157226 -0.780064863963971 "1" 0.939226519337017
-0.110034472810176 -5.46234727137606 "2" 0.0970464135021097
-1.54790235356994 -2.47630314108658 "2" 0.391304347826087
-0.620040431010953 1.95864239052721 "2" 0.184873949579832
0.0285978208890359 5.44836787252206 "2" 0.14018691588785
1.88328815770763 2.49373457990394 "2" 0.391304347826087
0.213593902541198 -2.96073286991251 "2" 0.0784313725490196
0.626488187489259 0.707914945890008 "1" 0.627906976744186
-3.82404234494268 -1.17321788917239 "1" 0.957746478873239
-0.562936919337313 -1.68853249959673 "1" 0.727272727272727
-0.320683250547509 -3.29082599356501 "1" 0.5
-1.0807932352246 -2.29936762018061 "1" 0.727272727272727
-1.20996620693865 2.52364106461188 "2" 0.3125
0.0311294539089535 5.64208111338798 "2" 0.14018691588785
0.00684754958020473 1.92961054204728 "2" 0.184873949579832
1.4264001329698 -3.52487604527854 "2" 0.0970464135021097
4.31743028600273 -2.12119353595471 "2" 0.263157894736842
-0.657956981128821 6.32660662508108 "2" 0.14018691588785
-0.796960942754421 -1.3871613061451 "1" 0.727272727272727
6.33285761012067 -2.3615948902819 "2" 0
-1.22704136230604 -1.37668731931311 "1" 0.727272727272727
-1.66339291158014 7.17672907401214 "1" 0.707865168539326
1.53461032163259 1.06752886071108 "1" 0.627906976744186
-0.414097349284954 -0.867929878191874 "1" 0.727272727272727
1.44267706248324 3.26688692602144 "2" 0.321428571428571
2.32030327387824 -4.18521604740687 "2" 0.0970464135021097
8.38845664485388 -0.353421456673411 "1" 0.769230769230769
3.68903943274584 2.10397600039828 "1" 0.666666666666667
2.82832664570313 -3.3625045592137 "2" 0.0970464135021097
0.920322704362997 -1.4561817454801 "1" 0.939226519337017
-1.19355786200671 1.26771381400791 "2" 0.184873949579832
0.150923666514927 -4.17096616395102 "2" 0.0970464135021097
-3.09340813602948 -6.06923598935456 "2" 0.0970464135021097
2.43808414155976 -0.872304228068246 "1" 0.939226519337017
1.89420697716048 6.10750310728136 "1" 0.707865168539326
3.85568015908654 -2.38863751264169 "2" 0.263157894736842
-3.00279896100787 -4.14699524234907 "2" 0.0970464135021097
-0.784358687045761 -0.367832095151651 "2" 0.318181818181818
-2.92159268148757 3.69829247583595 "1" 0.968503937007874
-0.631798191479171 -2.82347556436976 "1" 0.529411764705882
0.636331659318986 1.85115021647106 "1" 0.627906976744186
2.4910676304724 -0.846815475482245 "1" 0.939226519337017
0.898828264995503 -5.90191430729917 "2" 0.0970464135021097
-1.85930235721225 -0.180748581479677 "2" 0.318181818181818
-0.268009280427958 1.02633174458361 "2" 0.184873949579832
-2.88401892986087 -0.66017871167439 "1" 0.888888888888889
1.22154317661992 0.38016415435234 "1" 0.939226519337017
1.71175962695395 -2.60246218124561 "2" 0.391304347826087
-3.75663515996425 -2.08671582002864 "1" 1
2.29520501552021 -0.409481781482785 "1" 0.939226519337017
2.80479953333301 3.96640804648582 "1" 0.707865168539326
1.9556813811394 -4.04918750812239 "2" 0.0970464135021097
2.6343673889513 -2.35865164231541 "2" 0.25
-2.82789784047361 -0.1306396848025 "1" 0.888888888888889
-2.67864921699738 -3.70596932112794 "2" 0.0970464135021097
3.97717317849557 -4.01576911717773 "2" 0.0970464135021097
2.18480876785641 -0.865628406161535 "1" 0.939226519337017
-0.916060614731171 -1.49276345324022 "1" 0.727272727272727
1.7953206366921 1.66314217208322 "1" 0.627906976744186
5.43567732261731 -1.1676613226437 "2" 0
0.564361078900699 -4.4238048677278 "2" 0.0970464135021097
-1.21102256578279 7.37070321624856 "1" 0.909090909090909
-1.74409267672809 -1.46241342831953 "1" 0.727272727272727
-3.45522142409442 7.17212458660633 "1" 0.968503937007874
0.615994487941279 -2.80510648711883 "1" 0.529411764705882
1.53080348007995 1.61748638628746 "1" 0.627906976744186
0.516203353009865 -1.9382670670228 "1" 0.818181818181818
1.05785317396048 3.19994255208065 "2" 0.321428571428571
-0.453773351596421 -1.87511717304018 "1" 0.727272727272727
1.4119096179837 -0.0485407786901867 "1" 0.939226519337017
-2.48401060805966 1.62343987745803 "1" 0.698924731182796
-0.66551414204461 -1.00329085816199 "1" 0.727272727272727
-0.118078994360276 -2.14452037355577 "1" 0.818181818181818
3.96703550039736 -0.613423905813254 "1" 0.957746478873239
-6.1782203006576 -5.57452846769092 "2" 0.4
6.81967656388417 -0.6113137268281 "2" 0.375
-2.10126198946332 -1.56576749316343 "1" 0.727272727272727
3.23777952661717 0.0659687707063755 "1" 0.957746478873239
-0.795636667664949 -4.84683242622495 "2" 0.0970464135021097
-0.85995673596513 1.86341863492472 "2" 0.184873949579832
-0.39025775052358 -0.190162264198521 "2" 0.318181818181818
-7.31253203290255 -3.2243743734677 "1" 1
8.62997370605756 3.82671738852025 "1" 0.707865168539326
0.773606466598561 -0.419790453222465 "1" 0.939226519337017
2.01024946495335 -5.16245045343349 "2" 0.0970464135021097
-1.78333133580154 4.64828921565421 "1" 0.968503937007874
-2.16755042826588 -1.73457502207567 "1" 0.727272727272727
4.06118028793678 0.57998254825548 "1" 0.957446808510638
2.37021590708174 4.86514168002615 "1" 0.707865168539326
3.35466885954273 1.9509308033897 "1" 0.666666666666667
-0.946088680979948 0.182906762010294 "2" 0.318181818181818
-4.00552853253172 0.791887568291306 "1" 0.957446808510638
-1.82261514013441 -1.55456532266598 "1" 0.727272727272727
4.9906279708443 2.6846106439345 "2" 0.391304347826087
-4.70928668709289 0.627500407595111 "1" 0.957446808510638
5.30741424713264 -1.87843373463764 "2" 0
-1.47155560404097 -1.60623211554235 "1" 0.727272727272727
-4.70193884912821 1.59814309691028 "1" 0.957446808510638
-3.41175776347001 -2.84161941801903 "1" 0.5
1.04942877710034 2.14416115718315 "1" 0.627906976744186
-0.859969937378233 2.5128472972325 "2" 0.14018691588785
-7.77336333360361 -2.91999976590761 "1" 1
-1.1042897204955 3.60902478115905 "2" 0.3125
4.71281202008533 -1.05392999942178 "1" 0.957746478873239
-1.02766297511127 4.37764912982737 "1" 0.909090909090909
4.65026939199742 1.28733854630223 "1" 0.957446808510638
-2.05022817000081 -4.43587992589603 "2" 0.0970464135021097
2.22022271588997 2.14907500895279 "1" 0.698924731182796
-1.04270673704263 -2.42198184758679 "1" 0.727272727272727
2.72325598241134 -1.36411973562519 "1" 0.939226519337017
-5.54669484871019 1.14126546453538 "1" 0.957446808510638
0.610902162669481 3.13373239596021 "2" 0.14018691588785
4.07055507235085 -1.43310243338751 "2" 0.263157894736842
-2.53339316804346 0.379018264282656 "2" 0.318181818181818
4.9710378094329 -4.66577583005511 "2" 0.0970464135021097
-1.21378182187746 -6.35064468564733 "2" 0.0970464135021097
-1.68603724411652 -5.63871273527591 "2" 0.0970464135021097
-3.32825366172079 -2.41754680710521 "1" 1
1.70591687272305 3.07179616374491 "2" 0.391304347826087
-3.31962793551965 -2.81267400247489 "1" 0.968503937007874
-4.23881166266129 -2.91463798437338 "1" 1
-0.759774115209032 -0.874072045974892 "1" 0.727272727272727
-5.22846500626602 -3.2847443185404 "1" 1
-2.66158687815061 1.77319608816415 "1" 0.698924731182796
5.84938641124005 0.603538677477292 "1" 0.957446808510638
0.141366069071169 2.07689524335352 "2" 0.184873949579832
2.57087366421879 -2.79933899904659 "2" 0.391304347826087
-4.86583251006804 -0.27502928781089 "1" 0.957746478873239
-6.52841863397633 0.0281239576631714 "1" 0.957746478873239
2.87869337220725 1.23358155344733 "1" 0.957446808510638
0.294022184670854 0.357329865816919 "2" 0.357142857142857
4.86490458929678 -2.19702113310748 "2" 0
3.13066714712269 2.19944094283753 "1" 0.948717948717949
-6.66598274046838 1.09333414826428 "1" 0.957446808510638
3.6086665826549 -0.35574863708779 "1" 0.957746478873239
-3.05452496638238 -1.279360649075 "1" 0.727272727272727
-0.26239135024232 2.35366491896547 "2" 0.184873949579832
0.781427520356512 5.23822287880025 "2" 0.14018691588785
-2.04772905146593 4.40933343734071 "1" 0.968503937007874
-2.30104241180849 -1.39043771895826 "1" 0.727272727272727
0.0352476460497435 -0.326455761056057 "1" 0.923076923076923
0.809448735929362 -1.41981819644035 "1" 0.939226519337017
-4.791756064083 0.52660433868513 "1" 0.957746478873239
5.31626252007883 -1.0000362772409 "2" 0.375
4.04084374230917 5.00006773937434 "1" 0.707865168539326
-0.992049720483242 -1.03982524618986 "1" 0.727272727272727
-5.07711831182648 -1.32641814633765 "1" 0.957746478873239
3.07442784130981 -0.347399896987135 "1" 0.939226519337017
6.05375673095132 -0.562740903165053 "2" 0.375
-3.35255700570218 2.05600052255067 "1" 0.948717948717949
0.487156787324398 1.60388867768038 "1" 0.627906976744186
-4.36954715927703 -4.73803107057109 "1" 1
-1.49969754253804 -1.97966407073551 "1" 0.727272727272727
1.88545052896933 -1.29509641975368 "1" 0.939226519337017
-4.34872175940157 2.83104051271763 "1" 0.968503937007874
-3.28991466650051 -0.0616623653703497 "1" 0.957746478873239
-1.05893549273244 1.4987690802203 "2" 0.184873949579832
-1.62775003184769 -0.235209599428702 "2" 0.318181818181818
0.0537956207088394 -1.3180550298553 "1" 0.923076923076923
-0.350514885106207 1.99377167613641 "2" 0.184873949579832
-5.89071656714324 6.9998041550473 "1" 0.968503937007874
-3.83924403343544 0.0210909677752759 "1" 0.957746478873239
0.440575093465733 -10.2060714130678 "2" 0.0970464135021097
1.40411019077871 -2.87365825905826 "2" 0.0784313725490196
4.34826957036296 -0.679479573846141 "1" 0.957746478873239
1.76092560789105 -4.66987982608231 "2" 0.0970464135021097
-0.0729338537733615 0.950791332380754 "2" 0.184873949579832
1.81761268719097 -1.75244334757402 "1" 0.939226519337017
-3.29516013765652 2.09087299825245 "1" 0.948717948717949
-6.85546687523466 2.83356871813488 "1" 0.968503937007874
-0.732171697350944 -5.44383204651924 "2" 0.0970464135021097
-0.881845905135907 1.6908042082479 "2" 0.184873949579832
-2.46402809227221 2.91842096689059 "1" 0.968503937007874
-6.73372591226797 -2.04145075265639 "1" 1
-4.09766458410935 -2.77960094139669 "1" 0.968503937007874
4.47672661670971 -5.80788280421513 "2" 0.0970464135021097
-3.34623974421491 2.89062570808178 "1" 0.968503937007874
-0.06706367455884 6.25105635944366 "2" 0.14018691588785
-1.02291899976136 -0.349313441860321 "2" 0.318181818181818
5.0594561479128 3.32008379760918 "1" 0.707865168539326
0.432213356835478 3.68322849562171 "2" 0.14018691588785
6.08169228052922 0.303881256309238 "1" 0.769230769230769
3.13513648394389 0.120515555894378 "1" 0.957746478873239
-4.64262132185686 6.15644396768526 "1" 0.968503937007874
0.324919747051177 -1.34173661160169 "1" 0.923076923076923
1.37432846309866 -3.54483804086466 "2" 0.0970464135021097
-1.89464823025176 3.71616984408374 "1" 0.968503937007874
-1.157338386477 -1.79470107202566 "1" 0.727272727272727
0.082894236137285 -4.42712909072221 "2" 0.0970464135021097
-5.78362295228187 -1.0084945205753 "1" 0.957746478873239
-6.41948027404961 -2.52612289680394 "1" 0.968503937007874
-2.15635403678806 -2.98272289374299 "1" 0.5
1.30893500191505 6.81283168829502 "2" 0.321428571428571
3.38640366640648 0.0305638810998311 "1" 0.957746478873239
-7.27620254485731 1.67463712782293 "1" 0.957446808510638
-0.648994386142825 -6.32666138131837 "2" 0.0970464135021097
-2.73803191109981 0.309798509531937 "1" 0.888888888888889
-1.78373209828983 -5.40044333675822 "2" 0.0970464135021097
2.9728293643149 1.4205064335489 "1" 0.957446808510638
6.04317502766424 2.17510398178377 "1" 0.666666666666667
-0.990547367704082 -1.28059627874731 "1" 0.727272727272727
0.145660355500625 -1.61031916439648 "1" 0.923076923076923
-5.24923556965972 3.97158099510103 "1" 0.968503937007874
8.2625123322701 -3.27405939299474 "2" 0.0784313725490196
-0.094290819054404 0.928143320844021 "2" 0.184873949579832
2.13208166826398 1.47652191902639 "1" 0.698924731182796
1.38421326937974 2.21712191732902 "1" 0.627906976744186
-3.77808105983157 -0.353778462355839 "1" 0.957746478873239
0.491544068310614 0.475923100900592 "2" 0.357142857142857
-3.94914762520885 -2.92511877251126 "1" 0.5
0.298456223214565 2.82149816317037 "2" 0.14018691588785
0.927747029295815 -1.76891665107581 "1" 0.939226519337017
-2.91038238160462 -3.07435186634693 "1" 0.5
-4.12488360428382 -1.10134916865326 "1" 0.957746478873239
0.181706397248084 -2.27241871182557 "1" 0.818181818181818
0.300642826762624 3.23798660317444 "2" 0.14018691588785
0.319658421473219 -1.93477251909807 "1" 0.818181818181818
